accuracy,type,trainType,testType
0.48,,it-u-1-negation,it-u-1-negation
