########## Creating experiment 2.1 plots for gpt-2-xl and nonce_conv tokens dataset
Confusion Matrix Plots
767
Gathered pickles
['en-r-1', 'en-r-2-subordinate', 'en-r-3-passive', 'en_S-r-1', 'en_S-r-2-subordinate', 'en_S-r-3-passive', 'en-u-1-negation', 'en-u-2-inversion', 'en-u-3-wh', 'en_S-u-1-negation', 'en_S-u-2-inversion', 'en_S-u-3-wh']
767
Gathered pickles
['en-r-1', 'en-r-2-subordinate', 'en-r-3-passive', 'en_S-r-1', 'en_S-r-2-subordinate', 'en_S-r-3-passive', 'en-u-1-negation', 'en-u-2-inversion', 'en-u-3-wh', 'en_S-u-1-negation', 'en_S-u-2-inversion', 'en_S-u-3-wh']
Mean plots
ATTN
C-C vs N-N MannwhitneyuResult(statistic=626.0, pvalue=0.8081695613273353)
C-C vs C-N MannwhitneyuResult(statistic=349.0, pvalue=0.6526376454223808)
N-N vs C-N MannwhitneyuResult(statistic=360.0, pvalue=0.5143045869348954)
en [[1.0], [0.5319426336375489], [0.6153846153846154], [0.23859191655801826], [0.0651890482398957], [0.23728813559322035], [0.5319426336375489], [1.0], [0.49674054758800523], [0.17470664928292046], [0.0560625814863103], [0.17470664928292046], [0.6153846153846154], [0.49674054758800523], [1.0], [0.2438070404172099], [0.08344198174706649], [0.2255541069100391], [0.23859191655801826], [0.17470664928292046], [0.2438070404172099], [1.0], [0.19035202086049544], [0.2790091264667536], [0.0651890482398957], [0.0560625814863103], [0.08344198174706649], [0.19035202086049544], [1.0], [0.1421121251629726], [0.23728813559322035], [0.17470664928292046], [0.2255541069100391], [0.2790091264667536], [0.1421121251629726], [1.0]]
ita []
jap []
[0.3752716210343329] [0.36788352890047804] [0.2530783717224395]
ATTN
C-C vs N-N MannwhitneyuResult(statistic=664.0, pvalue=0.8610534873710468)
C-C vs C-N MannwhitneyuResult(statistic=350.0, pvalue=0.6395043605412654)
N-N vs C-N MannwhitneyuResult(statistic=349.0, pvalue=0.6526252447781051)
en [[1.0], [0.5189048239895697], [0.6153846153846154], [0.19035202086049544], [0.02607561929595828], [0.18383311603650587], [0.5189048239895697], [1.0], [0.4876140808344198], [0.1421121251629726], [0.011734028683181226], [0.13559322033898305], [0.6153846153846154], [0.4876140808344198], [1.0], [0.18252933507170796], [0.020860495436766623], [0.17209908735332463], [0.19035202086049544], [0.1421121251629726], [0.18252933507170796], [1.0], [0.11473272490221642], [0.21121251629726207], [0.02607561929595828], [0.011734028683181226], [0.020860495436766623], [0.11473272490221642], [1.0], [0.07170795306388526], [0.18383311603650587], [0.13559322033898305], [0.17209908735332463], [0.21121251629726207], [0.07170795306388526], [1.0]]
ita []
jap []
[0.3380414312617702] [0.3238447052006374] [0.2175141242937853]
Language x Structure gpt-2-xl
C-C vs N-N MannwhitneyuResult(statistic=664.0, pvalue=0.8610534873710468)
C-C vs C-N MannwhitneyuResult(statistic=350.0, pvalue=0.6395043605412654)
N-N vs C-N MannwhitneyuResult(statistic=349.0, pvalue=0.6526252447781051)
Component       | LANG       | CxN/CxC                   | CxN/NxN                       
-------------------------------------------------------------------------------------
MLP             | en         | 0.60                      | 0.59                          
C-C vs N-N MannwhitneyuResult(statistic=626.0, pvalue=0.8081695613273353)
C-C vs C-N MannwhitneyuResult(statistic=349.0, pvalue=0.6526376454223808)
N-N vs C-N MannwhitneyuResult(statistic=360.0, pvalue=0.5143045869348954)
Component       | LANG       | CxN/CxC                   | CxN/NxN                       
-------------------------------------------------------------------------------------
ATTN            | en         | 0.63                      | 0.61                          
Structure gpt-2-xl
Component       | CxN/CxC                   | CxN/NxN                       
---------------------------------------------------------------------------
MLP             | 0.60                      | 0.59                     
Component       | CxN/CxC                   | CxN/NxN                       
---------------------------------------------------------------------------
ATTN            | 0.63                      | 0.61                     
########## Creating experiment 2.1 plots for llama-2-7b and nonce_conv tokens dataset
Confusion Matrix Plots
1309
Gathered pickles
['en-r-1', 'en-r-2-subordinate', 'en-r-3-passive', 'en_S-r-1', 'en_S-r-2-subordinate', 'en_S-r-3-passive', 'en-u-1-negation', 'en-u-2-inversion', 'en-u-3-wh', 'en_S-u-1-negation', 'en_S-u-2-inversion', 'en_S-u-3-wh']
1309
Gathered pickles
['en-r-1', 'en-r-2-subordinate', 'en-r-3-passive', 'en_S-r-1', 'en_S-r-2-subordinate', 'en_S-r-3-passive', 'en-u-1-negation', 'en-u-2-inversion', 'en-u-3-wh', 'en_S-u-1-negation', 'en_S-u-2-inversion', 'en_S-u-3-wh']
Mean plots
ATTN
C-C vs N-N MannwhitneyuResult(statistic=674.0, pvalue=0.7733931635069037)
C-C vs C-N MannwhitneyuResult(statistic=348.0, pvalue=0.6659620091866547)
N-N vs C-N MannwhitneyuResult(statistic=344.0, pvalue=0.7202224419939036)
en [[1.0], [0.5485103132161956], [0.6783804430863254], [0.2559205500381971], [0.09167303284950344], [0.28418640183346067], [0.5485103132161956], [1.0], [0.4919786096256685], [0.24446142093200918], [0.06646294881588999], [0.21390374331550802], [0.6783804430863254], [0.4919786096256685], [1.0], [0.2589763177998472], [0.09167303284950344], [0.2872421695951108], [0.2559205500381971], [0.24446142093200918], [0.2589763177998472], [1.0], [0.13674560733384264], [0.2773109243697479], [0.09167303284950344], [0.06646294881588999], [0.09167303284950344], [0.13674560733384264], [1.0], [0.11764705882352941], [0.28418640183346067], [0.21390374331550802], [0.2872421695951108], [0.2773109243697479], [0.11764705882352941], [1.0]]
ita []
jap []
[0.3913929208046855] [0.38086749851455737] [0.29827688651218065]
ATTN
C-C vs N-N MannwhitneyuResult(statistic=734.0, pvalue=0.334322617702957)
C-C vs C-N MannwhitneyuResult(statistic=346.0, pvalue=0.6928806511485261)
N-N vs C-N MannwhitneyuResult(statistic=312.0, pvalue=0.8327160518850067)
en [[1.0], [0.6310160427807486], [0.7501909854851031], [0.3552330022918258], [0.11077158135981666], [0.3315508021390374], [0.6310160427807486], [1.0], [0.5653170359052712], [0.2849503437738732], [0.061879297173414824], [0.2849503437738732], [0.7501909854851031], [0.5653170359052712], [1.0], [0.36440030557677616], [0.1306340718105424], [0.3330786860198625], [0.3552330022918258], [0.2849503437738732], [0.36440030557677616], [1.0], [0.21237585943468296], [0.346829640947288], [0.11077158135981666], [0.061879297173414824], [0.1306340718105424], [0.21237585943468296], [1.0], [0.1520244461420932], [0.3315508021390374], [0.2849503437738732], [0.3330786860198625], [0.346829640947288], [0.1520244461420932], [1.0]]
ita []
jap []
[0.43973346914523387] [0.41235888294711825] [0.38082505729564553]
Language x Structure llama-2-7b
C-C vs N-N MannwhitneyuResult(statistic=734.0, pvalue=0.334322617702957)
C-C vs C-N MannwhitneyuResult(statistic=346.0, pvalue=0.6928806511485261)
N-N vs C-N MannwhitneyuResult(statistic=312.0, pvalue=0.8327160518850067)
Component       | LANG       | CxN/CxC                   | CxN/NxN                       
-------------------------------------------------------------------------------------
MLP             | en         | 0.69                      | 0.66                          
C-C vs N-N MannwhitneyuResult(statistic=674.0, pvalue=0.7733931635069037)
C-C vs C-N MannwhitneyuResult(statistic=348.0, pvalue=0.6659620091866547)
N-N vs C-N MannwhitneyuResult(statistic=344.0, pvalue=0.7202224419939036)
Component       | LANG       | CxN/CxC                   | CxN/NxN                       
-------------------------------------------------------------------------------------
ATTN            | en         | 0.60                      | 0.59                          
Structure llama-2-7b
Component       | CxN/CxC                   | CxN/NxN                       
---------------------------------------------------------------------------
MLP             | 0.69                      | 0.66                     
Component       | CxN/CxC                   | CxN/NxN                       
---------------------------------------------------------------------------
ATTN            | 0.60                      | 0.59                     
########## Creating experiment 2.1 plots for llama-3.1-8b and nonce_conv tokens dataset
Confusion Matrix Plots
1309
Gathered pickles
['en-r-1', 'en-r-2-subordinate', 'en-r-3-passive', 'en_S-r-1', 'en_S-r-2-subordinate', 'en_S-r-3-passive', 'en-u-1-negation', 'en-u-2-inversion', 'en-u-3-wh', 'en_S-u-1-negation', 'en_S-u-2-inversion', 'en_S-u-3-wh']
1309
Gathered pickles
['en-r-1', 'en-r-2-subordinate', 'en-r-3-passive', 'en_S-r-1', 'en_S-r-2-subordinate', 'en_S-r-3-passive', 'en-u-1-negation', 'en-u-2-inversion', 'en-u-3-wh', 'en_S-u-1-negation', 'en_S-u-2-inversion', 'en_S-u-3-wh']
Mean plots
ATTN
C-C vs N-N MannwhitneyuResult(statistic=638.0, pvalue=0.9145735753271409)
C-C vs C-N MannwhitneyuResult(statistic=344.0, pvalue=0.7202275598198689)
N-N vs C-N MannwhitneyuResult(statistic=329.0, pvalue=0.9341151753328722)
en [[1.0], [0.7333842627960275], [0.7769289533995416], [0.40412528647822765], [0.20855614973262032], [0.25210084033613445], [0.7333842627960275], [1.0], [0.7081741787624141], [0.40488922841864017], [0.22307104660045837], [0.25133689839572193], [0.7769289533995416], [0.7081741787624141], [1.0], [0.3949579831932773], [0.2131398013750955], [0.24140565317035906], [0.40412528647822765], [0.40488922841864017], [0.3949579831932773], [1.0], [0.25668449197860965], [0.38808250572956454], [0.20855614973262032], [0.22307104660045837], [0.2131398013750955], [0.25668449197860965], [1.0], [0.2505729564553094], [0.25210084033613445], [0.25133689839572193], [0.24140565317035906], [0.38808250572956454], [0.2505729564553094], [1.0]]
ita []
jap []
[0.48374501315677787] [0.4618453441982854] [0.4056956115779645]
ATTN
C-C vs N-N MannwhitneyuResult(statistic=726.0, pvalue=0.38151416812007555)
C-C vs C-N MannwhitneyuResult(statistic=363.0, pvalue=0.4793203513204738)
N-N vs C-N MannwhitneyuResult(statistic=306.0, pvalue=0.7478868206697882)
en [[1.0], [0.7501909854851031], [0.7738731856378915], [0.5500381970970206], [0.21237585943468296], [0.29182582123758594], [0.7501909854851031], [1.0], [0.7677616501145913], [0.5446906035141329], [0.24446142093200918], [0.28113063407181055], [0.7738731856378915], [0.7677616501145913], [1.0], [0.5538579067990833], [0.23529411764705882], [0.28113063407181055], [0.5500381970970206], [0.5446906035141329], [0.5538579067990833], [1.0], [0.27960275019098546], [0.4094728800611154], [0.21237585943468296], [0.24446142093200918], [0.23529411764705882], [0.27960275019098546], [1.0], [0.24140565317035906], [0.29182582123758594], [0.28113063407181055], [0.28113063407181055], [0.4094728800611154], [0.24140565317035906], [1.0]]
ita []
jap []
[0.5231729055258467] [0.47241320770732537] [0.448731007554537]
Language x Structure llama-3.1-8b
C-C vs N-N MannwhitneyuResult(statistic=726.0, pvalue=0.38151416812007555)
C-C vs C-N MannwhitneyuResult(statistic=363.0, pvalue=0.4793203513204738)
N-N vs C-N MannwhitneyuResult(statistic=306.0, pvalue=0.7478868206697882)
Component       | LANG       | CxN/CxC                   | CxN/NxN                       
-------------------------------------------------------------------------------------
MLP             | en         | 0.65                      | 0.65                          
C-C vs N-N MannwhitneyuResult(statistic=638.0, pvalue=0.9145735753271409)
C-C vs C-N MannwhitneyuResult(statistic=344.0, pvalue=0.7202275598198689)
N-N vs C-N MannwhitneyuResult(statistic=329.0, pvalue=0.9341151753328722)
Component       | LANG       | CxN/CxC                   | CxN/NxN                       
-------------------------------------------------------------------------------------
ATTN            | en         | 0.61                      | 0.63                          
Structure llama-3.1-8b
Component       | CxN/CxC                   | CxN/NxN                       
---------------------------------------------------------------------------
MLP             | 0.65                      | 0.65                     
Component       | CxN/CxC                   | CxN/NxN                       
---------------------------------------------------------------------------
ATTN            | 0.61                      | 0.63                     
########## Creating experiment 2.1 plots for mistral-v0.3 and nonce_conv tokens dataset
Confusion Matrix Plots
1309
Gathered pickles
['en-r-1', 'en-r-2-subordinate', 'en-r-3-passive', 'en_S-r-1', 'en_S-r-2-subordinate', 'en_S-r-3-passive', 'en-u-1-negation', 'en-u-2-inversion', 'en-u-3-wh', 'en_S-u-1-negation', 'en_S-u-2-inversion', 'en_S-u-3-wh']
1309
Gathered pickles
['en-r-1', 'en-r-2-subordinate', 'en-r-3-passive', 'en_S-r-1', 'en_S-r-2-subordinate', 'en_S-r-3-passive', 'en-u-1-negation', 'en-u-2-inversion', 'en-u-3-wh', 'en_S-u-1-negation', 'en_S-u-2-inversion', 'en_S-u-3-wh']
Mean plots
ATTN
C-C vs N-N MannwhitneyuResult(statistic=818.0, pvalue=0.05564238130194094)
C-C vs C-N MannwhitneyuResult(statistic=419.0, pvalue=0.08259827183831649)
N-N vs C-N MannwhitneyuResult(statistic=306.0, pvalue=0.7478868206697882)
en [[1.0], [0.760122230710466], [0.7883880825057296], [0.2727272727272727], [0.23071046600458364], [0.3697478991596639], [0.760122230710466], [1.0], [0.6982429335370511], [0.26737967914438504], [0.22077922077922077], [0.34530175706646293], [0.7883880825057296], [0.6982429335370511], [1.0], [0.2902979373567609], [0.24064171122994651], [0.37203972498090143], [0.2727272727272727], [0.26737967914438504], [0.2902979373567609], [1.0], [0.18105423987776928], [0.3582887700534759], [0.23071046600458364], [0.22077922077922077], [0.24064171122994651], [0.18105423987776928], [1.0], [0.23529411764705882], [0.3697478991596639], [0.34530175706646293], [0.37203972498090143], [0.3582887700534759], [0.23529411764705882], [1.0]]
ita []
jap []
[0.47950089126559714] [0.40760546642899587] [0.3092267209914269]
ATTN
C-C vs N-N MannwhitneyuResult(statistic=830.0, pvalue=0.04043101037123787)
C-C vs C-N MannwhitneyuResult(statistic=472.0, pvalue=0.00674621906781491)
N-N vs C-N MannwhitneyuResult(statistic=324.0, pvalue=1.0)
en [[1.0], [0.7845683728036669], [0.8189457601222307], [0.3032849503437739], [0.22994652406417113], [0.4346829640947288], [0.7845683728036669], [1.0], [0.7799847211611918], [0.31932773109243695], [0.226890756302521], [0.4385026737967914], [0.8189457601222307], [0.7799847211611918], [1.0], [0.33613445378151263], [0.24293353705118412], [0.46218487394957986], [0.3032849503437739], [0.31932773109243695], [0.33613445378151263], [1.0], [0.1489686783804431], [0.39572192513368987], [0.22994652406417113], [0.226890756302521], [0.24293353705118412], [0.1489686783804431], [1.0], [0.25133689839572193], [0.4346829640947288], [0.4385026737967914], [0.46218487394957986], [0.39572192513368987], [0.25133689839572193], [1.0]]
ita []
jap []
[0.5096341566929802] [0.39126559714795006] [0.28299804770393006]
Language x Structure mistral-v0.3
C-C vs N-N MannwhitneyuResult(statistic=830.0, pvalue=0.04043101037123787)
C-C vs C-N MannwhitneyuResult(statistic=472.0, pvalue=0.00674621906781491)
N-N vs C-N MannwhitneyuResult(statistic=324.0, pvalue=1.0)
Component       | LANG       | CxN/CxC                   | CxN/NxN                       
-------------------------------------------------------------------------------------
MLP             | en         | 0.54                      | 0.47                          
C-C vs N-N MannwhitneyuResult(statistic=818.0, pvalue=0.05564238130194094)
C-C vs C-N MannwhitneyuResult(statistic=419.0, pvalue=0.08259827183831649)
N-N vs C-N MannwhitneyuResult(statistic=306.0, pvalue=0.7478868206697882)
Component       | LANG       | CxN/CxC                   | CxN/NxN                       
-------------------------------------------------------------------------------------
ATTN            | en         | 0.54                      | 0.47                          
Structure mistral-v0.3
Component       | CxN/CxC                   | CxN/NxN                       
---------------------------------------------------------------------------
MLP             | 0.54                      | 0.47                     
Component       | CxN/CxC                   | CxN/NxN                       
---------------------------------------------------------------------------
ATTN            | 0.54                      | 0.47                     
########## Creating experiment 2.1 plots for qwen-2-0.5b and nonce_conv tokens dataset
Confusion Matrix Plots
214
Gathered pickles
['en-r-1', 'en-r-2-subordinate', 'en-r-3-passive', 'en_S-r-1', 'en_S-r-2-subordinate', 'en_S-r-3-passive', 'en-u-1-negation', 'en-u-2-inversion', 'en-u-3-wh', 'en_S-u-1-negation', 'en_S-u-2-inversion', 'en_S-u-3-wh']
214
Gathered pickles
['en-r-1', 'en-r-2-subordinate', 'en-r-3-passive', 'en_S-r-1', 'en_S-r-2-subordinate', 'en_S-r-3-passive', 'en-u-1-negation', 'en-u-2-inversion', 'en-u-3-wh', 'en_S-u-1-negation', 'en_S-u-2-inversion', 'en_S-u-3-wh']
Mean plots
ATTN
C-C vs N-N MannwhitneyuResult(statistic=686.0, pvalue=0.6719141787601004)
C-C vs C-N MannwhitneyuResult(statistic=312.0, pvalue=0.832637320096948)
N-N vs C-N MannwhitneyuResult(statistic=297.0, pvalue=0.6261776566071393)
en [[1.0], [0.6074766355140186], [0.7289719626168224], [0.21962616822429906], [0.13551401869158877], [0.2803738317757009], [0.6074766355140186], [1.0], [0.5887850467289719], [0.17757009345794392], [0.14018691588785046], [0.22429906542056074], [0.7289719626168224], [0.5887850467289719], [1.0], [0.2523364485981308], [0.12149532710280374], [0.32242990654205606], [0.21962616822429906], [0.17757009345794392], [0.2523364485981308], [1.0], [0.17289719626168223], [0.27102803738317754], [0.13551401869158877], [0.14018691588785046], [0.12149532710280374], [0.17289719626168223], [1.0], [0.12149532710280374], [0.2803738317757009], [0.22429906542056074], [0.32242990654205606], [0.27102803738317754], [0.12149532710280374], [1.0]]
ita []
jap []
[0.4091381100726895] [0.40160955347871236] [0.37980269989615784]
ATTN
C-C vs N-N MannwhitneyuResult(statistic=682.0, pvalue=0.7050639804031624)
C-C vs C-N MannwhitneyuResult(statistic=313.0, pvalue=0.8469676473440326)
N-N vs C-N MannwhitneyuResult(statistic=308.0, pvalue=0.7756502990102606)
en [[1.0], [0.5841121495327103], [0.7009345794392523], [0.14018691588785046], [0.08878504672897196], [0.17757009345794392], [0.5841121495327103], [1.0], [0.5841121495327103], [0.11214953271028037], [0.10747663551401869], [0.16355140186915887], [0.7009345794392523], [0.5841121495327103], [1.0], [0.13551401869158877], [0.0794392523364486], [0.19158878504672897], [0.14018691588785046], [0.11214953271028037], [0.13551401869158877], [1.0], [0.0794392523364486], [0.205607476635514], [0.08878504672897196], [0.10747663551401869], [0.0794392523364486], [0.0794392523364486], [1.0], [0.04205607476635514], [0.17757009345794392], [0.16355140186915887], [0.19158878504672897], [0.205607476635514], [0.04205607476635514], [1.0]]
ita []
jap []
[0.35514018691588783] [0.34371754932502596] [0.32866043613707163]
Language x Structure qwen-2-0.5b
C-C vs N-N MannwhitneyuResult(statistic=682.0, pvalue=0.7050639804031624)
C-C vs C-N MannwhitneyuResult(statistic=313.0, pvalue=0.8469676473440326)
N-N vs C-N MannwhitneyuResult(statistic=308.0, pvalue=0.7756502990102606)
Component       | LANG       | CxN/CxC                   | CxN/NxN                       
-------------------------------------------------------------------------------------
MLP             | en         | 0.69                      | 0.69                          
C-C vs N-N MannwhitneyuResult(statistic=686.0, pvalue=0.6719141787601004)
C-C vs C-N MannwhitneyuResult(statistic=312.0, pvalue=0.832637320096948)
N-N vs C-N MannwhitneyuResult(statistic=297.0, pvalue=0.6261776566071393)
Component       | LANG       | CxN/CxC                   | CxN/NxN                       
-------------------------------------------------------------------------------------
ATTN            | en         | 0.69                      | 0.71                          
Structure qwen-2-0.5b
Component       | CxN/CxC                   | CxN/NxN                       
---------------------------------------------------------------------------
MLP             | 0.69                      | 0.69                     
Component       | CxN/CxC                   | CxN/NxN                       
---------------------------------------------------------------------------
ATTN            | 0.69                      | 0.71                     
########## Creating experiment 2.1 plots for llama-3.1-70b and nonce_conv tokens dataset
Confusion Matrix Plots
6552
Gathered pickles
['en-r-1', 'en-r-2-subordinate', 'en-r-3-passive', 'en_S-r-1', 'en_S-r-2-subordinate', 'en_S-r-3-passive', 'en-u-1-negation', 'en-u-2-inversion', 'en-u-3-wh', 'en_S-u-1-negation', 'en_S-u-2-inversion', 'en_S-u-3-wh']
6552
Gathered pickles
['en-r-1', 'en-r-2-subordinate', 'en-r-3-passive', 'en_S-r-1', 'en_S-r-2-subordinate', 'en_S-r-3-passive', 'en-u-1-negation', 'en-u-2-inversion', 'en-u-3-wh', 'en_S-u-1-negation', 'en_S-u-2-inversion', 'en_S-u-3-wh']
Mean plots
ATTN
C-C vs N-N MannwhitneyuResult(statistic=662.0, pvalue=0.8788488803888378)
C-C vs C-N MannwhitneyuResult(statistic=384.0, pvalue=0.2744680298600285)
N-N vs C-N MannwhitneyuResult(statistic=356.0, pvalue=0.5628877468853533)
en [[1.0], [0.7704517704517705], [0.7895299145299145], [0.40964590964590963], [0.1472832722832723], [0.22512210012210013], [0.7704517704517705], [1.0], [0.7261904761904762], [0.4014041514041514], [0.15598290598290598], [0.2226800976800977], [0.7895299145299145], [0.7261904761904762], [1.0], [0.43253968253968256], [0.15247252747252749], [0.23885836385836387], [0.40964590964590963], [0.4014041514041514], [0.43253968253968256], [1.0], [0.2003968253968254], [0.3778998778998779], [0.1472832722832723], [0.15598290598290598], [0.15247252747252749], [0.2003968253968254], [1.0], [0.19123931623931623], [0.22512210012210013], [0.2226800976800977], [0.23885836385836387], [0.3778998778998779], [0.19123931623931623], [1.0]]
ita []
jap []
[0.4689831773165106] [0.42204246370913034] [0.3290683082349749]
ATTN
C-C vs N-N MannwhitneyuResult(statistic=750.0, pvalue=0.25177965708157624)
C-C vs C-N MannwhitneyuResult(statistic=396.0, pvalue=0.1891041674073637)
N-N vs C-N MannwhitneyuResult(statistic=326.0, pvalue=0.9780207735295625)
en [[1.0], [0.7599206349206349], [0.8226495726495726], [0.5080891330891331], [0.22603785103785104], [0.266025641025641], [0.7599206349206349], [1.0], [0.7268009768009768], [0.4993894993894994], [0.2464896214896215], [0.278998778998779], [0.8226495726495726], [0.7268009768009768], [1.0], [0.5238095238095238], [0.23458485958485958], [0.2641941391941392], [0.5080891330891331], [0.4993894993894994], [0.5238095238095238], [1.0], [0.2913614163614164], [0.38125763125763124], [0.22603785103785104], [0.2464896214896215], [0.23458485958485958], [0.2913614163614164], [1.0], [0.2573260073260073], [0.266025641025641], [0.278998778998779], [0.2641941391941392], [0.38125763125763124], [0.2573260073260073], [1.0]]
ita []
jap []
[0.5159408492741826] [0.43254816171482835] [0.3569563152896486]
Language x Structure llama-3.1-70b
C-C vs N-N MannwhitneyuResult(statistic=750.0, pvalue=0.25177965708157624)
C-C vs C-N MannwhitneyuResult(statistic=396.0, pvalue=0.1891041674073637)
N-N vs C-N MannwhitneyuResult(statistic=326.0, pvalue=0.9780207735295625)
Component       | LANG       | CxN/CxC                   | CxN/NxN                       
-------------------------------------------------------------------------------------
MLP             | en         | 0.67                      | 0.59                          
C-C vs N-N MannwhitneyuResult(statistic=662.0, pvalue=0.8788488803888378)
C-C vs C-N MannwhitneyuResult(statistic=384.0, pvalue=0.2744680298600285)
N-N vs C-N MannwhitneyuResult(statistic=356.0, pvalue=0.5628877468853533)
Component       | LANG       | CxN/CxC                   | CxN/NxN                       
-------------------------------------------------------------------------------------
ATTN            | en         | 0.64                      | 0.60                          
Structure llama-3.1-70b
Component       | CxN/CxC                   | CxN/NxN                       
---------------------------------------------------------------------------
MLP             | 0.67                      | 0.59                     
Component       | CxN/CxC                   | CxN/NxN                       
---------------------------------------------------------------------------
ATTN            | 0.64                      | 0.60                     
########## Creating experiment 2.1 plots for qwen-2-1.5b and nonce_conv tokens dataset
Confusion Matrix Plots
214
Gathered pickles
['en-r-1', 'en-r-2-subordinate', 'en-r-3-passive', 'en_S-r-1', 'en_S-r-2-subordinate', 'en_S-r-3-passive', 'en-u-1-negation', 'en-u-2-inversion', 'en-u-3-wh', 'en_S-u-1-negation', 'en_S-u-2-inversion', 'en_S-u-3-wh']
214
Gathered pickles
['en-r-1', 'en-r-2-subordinate', 'en-r-3-passive', 'en_S-r-1', 'en_S-r-2-subordinate', 'en_S-r-3-passive', 'en-u-1-negation', 'en-u-2-inversion', 'en-u-3-wh', 'en_S-u-1-negation', 'en_S-u-2-inversion', 'en_S-u-3-wh']
Mean plots
ATTN
C-C vs N-N MannwhitneyuResult(statistic=612.0, pvalue=0.6885065151598897)
C-C vs C-N MannwhitneyuResult(statistic=648.0, pvalue=2.724762525921113e-09)
N-N vs C-N MannwhitneyuResult(statistic=648.0, pvalue=2.709652924412363e-09)
en [[1.0], [0.5654205607476636], [0.794392523364486], [0.14485981308411214], [0.07476635514018691], [0.34579439252336447], [0.5654205607476636], [1.0], [0.5700934579439252], [0.13551401869158877], [0.04672897196261682], [0.2850467289719626], [0.794392523364486], [0.5700934579439252], [1.0], [0.19158878504672897], [0.06542056074766354], [0.4158878504672897], [0.14485981308411214], [0.13551401869158877], [0.19158878504672897], [1.0], [0.11214953271028037], [0.2616822429906542], [0.07476635514018691], [0.04672897196261682], [0.06542056074766354], [0.11214953271028037], [1.0], [0.06074766355140187], [0.34579439252336447], [0.2850467289719626], [0.4158878504672897], [0.2616822429906542], [0.06074766355140187], [1.0]]
ita []
jap []
[0.3927829698857736] [0.40160955347871236] [0.007528556593977154]
ATTN
C-C vs N-N MannwhitneyuResult(statistic=562.0, pvalue=0.33397862751150376)
C-C vs C-N MannwhitneyuResult(statistic=594.0, pvalue=5.582124451130774e-07)
N-N vs C-N MannwhitneyuResult(statistic=648.0, pvalue=2.3371508640840674e-09)
en [[1.0], [0.5], [0.719626168224299], [0.04205607476635514], [0.009345794392523364], [0.32710280373831774], [0.5], [1.0], [0.5747663551401869], [0.0514018691588785], [0.0], [0.29439252336448596], [0.719626168224299], [0.5747663551401869], [1.0], [0.06074766355140187], [0.004672897196261682], [0.37850467289719625], [0.04205607476635514], [0.0514018691588785], [0.06074766355140187], [1.0], [0.056074766355140186], [0.12149532710280374], [0.009345794392523364], [0.0], [0.004672897196261682], [0.056074766355140186], [1.0], [0.004672897196261682], [0.32710280373831774], [0.29439252336448596], [0.37850467289719625], [0.12149532710280374], [0.004672897196261682], [1.0]]
ita []
jap []
[0.3413811007268951] [0.34371754932502596] [0.003115264797507788]
Language x Structure qwen-2-1.5b
C-C vs N-N MannwhitneyuResult(statistic=562.0, pvalue=0.33397862751150376)
C-C vs C-N MannwhitneyuResult(statistic=594.0, pvalue=5.582124451130774e-07)
N-N vs C-N MannwhitneyuResult(statistic=648.0, pvalue=2.3371508640840674e-09)
Component       | LANG       | CxN/CxC                   | CxN/NxN                       
-------------------------------------------------------------------------------------
MLP             | en         | 0.02                      | 0.03                          
C-C vs N-N MannwhitneyuResult(statistic=612.0, pvalue=0.6885065151598897)
C-C vs C-N MannwhitneyuResult(statistic=648.0, pvalue=2.724762525921113e-09)
N-N vs C-N MannwhitneyuResult(statistic=648.0, pvalue=2.709652924412363e-09)
Component       | LANG       | CxN/CxC                   | CxN/NxN                       
-------------------------------------------------------------------------------------
ATTN            | en         | 0.02                      | 0.03                          
Structure qwen-2-1.5b
Component       | CxN/CxC                   | CxN/NxN                       
---------------------------------------------------------------------------
MLP             | 0.02                      | 0.03                     
Component       | CxN/CxC                   | CxN/NxN                       
---------------------------------------------------------------------------
ATTN            | 0.02                      | 0.03                     
